s 1 16
s 2 15
s 4 18
s 5 13
s 8 19
s 9 17
1 2 14
1 3 13
1 4 12
1 6 14
1 7 11
1 9 12
2 1 14
2 3 19
2 4 18
2 5 20
2 6 15
2 8 10
2 9 12
3 1 13
3 2 19
3 5 16
3 6 19
3 7 18
3 8 14
3 9 17
4 1 12
4 2 18
4 5 19
4 8 17
5 2 20
5 3 16
5 4 19
5 6 15
5 7 20
5 8 17
5 9 11
6 1 14
6 2 15
6 3 19
6 5 15
6 8 12
7 1 11
7 3 18
7 5 20
7 8 11
8 2 10
8 3 14
8 4 17
8 5 17
8 6 12
8 7 11
8 9 18
1 t 12
2 t 12
3 t 17
5 t 11
8 t 18
